Top 100 catalogue paragraph-count mismatches (98 remain)
Counts include blank alignment slots; both versions must contain text.
Sorted by absolute difference descending, then exact ID.
Rank	ID	English	Arabic/Persian	Difference
1	ABU0228	18	3	15
2	ABU0502	27	12	15
3	ABU0503	23	9	14
4	ABU2152	15	1	14
5	ABU0009	14	1	13
6	AB00269	21	9	12
7	ABU0493	27	15	12
8	ABU0384	12	1	11
9	ABU0020	10	1	9
10	AB06151	2	10	8
11	AB09643	5	12	7
12	BH02686	8	1	7
13	ABU0478	13	7	6
14	BH00146	66	60	6
15	BH00830	19	13	6
16	AB03667	7	2	5
17	ABU0120	9	4	5
18	ABU0641	6	1	5
19	BH09012	7	2	5
20	ABU0054	40	36	4
21	ABU0274	5	1	4
22	ABU0773	14	10	4
23	ABU0944	7	3	4
24	ABU2003	5	1	4
25	BH00109	46	42	4
26	BH05904	8	12	4
27	BH11787	5	1	4
28	BHU0071	5	1	4
29	ABU0253	19	16	3
30	ABU0387	4	1	3
31	ABU0596	6	9	3
32	ABU1452	5	2	3
33	BH00072	63	60	3
34	BH00095	49	46	3
35	BH00157	42	39	3
36	BH00472	13	16	3
37	BH00491	19	16	3
38	BH01668	12	9	3
39	BH08321	6	3	3
40	BH08459	5	2	3
41	BH09177	5	2	3
42	BHU0019	1	4	3
43	BHU0066	5	2	3
44	AB00508	6	4	2
45	AB07769	4	6	2
46	AB10846	2	4	2
47	ABU0072	19	21	2
48	ABU0282	14	12	2
49	ABU0823	7	5	2
50	ABU0985	4	2	2
51	ABU1035	3	1	2
52	ABU1296	3	1	2
53	ABU1449	4	2	2
54	ABU1571	3	1	2
55	ABU1606	8	6	2
56	ABU3705	5	3	2
57	BH02994	4	2	2
58	BH07186	5	3	2
59	BH07422	5	3	2
60	BH08730	4	2	2
61	BH08910	6	4	2
62	BH09410	4	2	2
63	BH09476	5	3	2
64	BH10813	3	1	2
65	BHU0034	4	2	2
66	AB00311	7	6	1
67	AB00416	7	6	1
68	AB05022	3	2	1
69	AB10395	4	5	1
70	AB11886	2	1	1
71	ABU0031	13	12	1
72	ABU0065	21	20	1
73	ABU0419	13	12	1
74	ABU1076	3	2	1
75	ABU1838	4	3	1
76	ABU3690	4	3	1
77	ABU3721	2	1	1
78	ABU3742	2	1	1
79	ABU3768	4	5	1
80	BH00118	39	38	1
81	BH05152	2	3	1
82	BH07242	4	3	1
83	BH07500	1	2	1
84	BH07569	4	3	1
85	BH07993	2	3	1
86	BH08044	3	4	1
87	BH08818	4	3	1
88	BH08820	3	2	1
89	BH09456	3	2	1
90	BH09485	4	3	1
91	BH10042	3	2	1
92	BH10410	2	1	1
93	BH10635	3	2	1
94	BH10778	2	1	1
95	BH11097	1	2	1
96	BH11244	2	1	1
97	BH11298	1	2	1
98	BH11857	1	2	1
